# Created by Octave 5.1.0, Mon Jan 27 19:45:24 2020 EST <752911487@C02XW47UJHD2>
# name: ans
# type: matrix
# rows: 1
# columns: 2
 5 5


